40
9
22
37
42
32
36
10
6
9
10
16
21
23
36
93
171
169
170
189
231
208
249
295
280
285
273
386
377
423
414
446
411
513
529
532
593
629
673
738
591
736
781
903
791
846
857
902
814
990
1040
995
976
959
1009
983
988
1049
952
1066
1110
1099
1122
1111
1157
1134
1313
1197
1163
1267
1248
1063
1341
1310
1329
1284
1372
1452
1288
1287
1389
1390
1427
1334
1431
1281
1436
1459
1370
1434
1335
1500
1460
1460
1545
1489
1444
1468
1544
1520
1565
1535
1580
1402
1562
1617
1512
1522
1467
1515
1562
1646
1514
1559
1664
1487
1510
1616
1394
1566
1521
1453
1703
1451
1544
1628
1634
1277
1499
1668
1553
1581
1646
1603
1634
1652
1871
2026
1783
1777
1850
2355
1940
2390
2699
2907
3634
3770
4226
4403
3802
3408
2960
2610
2209
2141
2001
1885
1787
1707
1782
1790
1763
1817
1822
1754
1884
1878
1932
2082
2109
2251
2115
2290
2198
2345
2386
2232
2352
2162
2152
1956
1775
1810
1463
1482
1260
1164
1013
946
887
804
739
685
562
548
505
408
355
296
276
227
150
135
97
66
48
47
41
21
15
14
17
8
6
6
7
2
4
2
0
0
0
0
0
0
0
1
0
0
0
0
0
0
0
0
0
0
0
0
0
0
0
0
0
0
0
0
0
0
0
0
0
0
0
0
